550
1
2
5 5
7 8
1
2
9 10
12 13
3
2
3 14
16 46
2
6 6
8 8
2
30 32
34 46
4
3
7 7
9 9
11 12
2
20 20
22 24
2
25 25
27 38
2
30 32
34 38
4
3
1 23
25 31
34 63
2
2 3
5 23
2
18 18
20 23
2
39 40
43 49
2
2
0 2
4 4
2
9 18
20 30
1
3
3 3
6 6
9 10
1
2
0 20
23 40
1
2
26 27
29 29
1
2
24 25
27 27
1
2
7 8
10 10
1
2
2 3
5 6
1
2
24 25
27 28
2
2
0 5
8 37
2
9 10
12 12
2
2
13 19
22 33
2
28 29
31 33
1
2
12 13
15 17
1
2
10 10
12 13
1
2
30 31
33 34
1
2
2 6
8 12
1
2
9 9
11 11
1
2
6 8
10 11
3
3
11 21
23 28
30 47
4
11 11
13 13
15 15
17 17
2
30 30
32 32
2
2
4 5
7 8
2
12 14
16 16
1
2
19 27
29 32
1
2
24 24
26 26
1
2
7 11
14 15
2
3
0 6
8 9
11 24
3
19 19
21 21
23 23
1
2
1 7
9 13
3
2
3 3
5 13
3
7 8
10 10
12 13
2
15 15
17 22
1
2
8 9
12 19
2
2
10 15
17 31
2
28 28
30 31
1
2
3 4
6 6
1
2
3 4
6 7
1
2
0 12
15 56
1
2
2 2
4 7
1
2
8 8
10 30
1
2
0 20
23 44
2
2
0 13
16 33
3
22 22
24 25
27 32
1
3
0 19
22 23
25 42
3
2
2 2
4 4
2
7 8
10 14
2
62 63
65 65
2
2
3 8
10 18
2
4 4
6 7
1
2
1 4
6 22
1
2
4 5
7 8
1
2
17 22
25 27
2
2
3 3
5 5
2
18 18
20 20
1
2
14 15
17 18
1
2
6 6
8 8
4
2
1 16
19 28
2
8 11
13 16
2
13 14
16 16
2
24 25
27 28
2
2
0 6
8 13
2
3 4
6 6
1
3
10 11
13 13
15 16
2
2
4 11
13 35
2
31 32
34 35
1
2
1 6
9 18
1
3
19 20
22 22
24 25
1
2
9 9
11 11
1
2
24 26
28 30
1
2
1 2
4 21
1
3
19 21
23 25
28 29
1
2
3 4
6 7
1
3
17 18
20 21
23 23
1
2
17 20
22 26
3
2
7 8
10 11
2
34 36
38 38
2
40 40
42 46
2
2
27 27
29 29
3
33 33
35 35
38 39
1
2
11 19
21 22
1
2
1 1
3 9
1
3
0 3
5 11
13 19
1
2
2 5
7 16
2
3
16 20
22 33
35 46
2
27 28
30 30
2
2
0 2
4 4
2
24 26
28 33
2
2
15 15
17 18
3
24 24
26 26
28 28
3
2
0 0
2 2
2
3 9
11 48
2
37 37
39 48
1
2
14 15
17 21
4
2
6 6
9 13
2
22 37
40 57
3
28 30
32 33
35 35
3
50 50
52 52
54 54
1
3
6 9
11 12
14 19
1
2
17 17
19 19
1
2
3 6
8 12
1
2
26 27
29 29
1
2
1 9
12 17
1
2
16 17
19 21
1
2
11 16
19 23
1
2
11 25
28 39
2
2
2 19
22 41
2
59 61
63 66
2
2
0 13
17 56
2
26 31
33 55
1
2
6 10
12 18
1
2
20 22
24 30
1
2
15 106
108 128
1
2
7 11
14 16
2
3
4 4
6 8
10 32
2
10 23
25 32
1
2
7 10
12 16
3
3
1 1
3 3
5 5
3
22 22
24 24
26 28
2
33 34
36 37
3
2
2 8
10 15
2
13 13
15 15
3
22 24
26 27
29 33
2
2
2 3
5 6
3
10 16
18 18
20 20
2
3
21 24
26 28
30 32
2
34 35
37 37
1
2
9 21
23 28
6
2
1 1
3 3
2
6 6
8 8
2
24 24
26 26
2
39 40
42 42
3
53 53
55 55
57 66
2
58 59
61 61
1
2
16 17
19 20
1
5
0 1
3 10
12 15
18 48
51 53
1
2
8 16
19 30
1
2
0 2
5 18
1
2
3 8
10 18
1
4
15 15
17 17
19 20
22 24
1
3
11 11
13 13
15 24
2
2
10 10
12 12
2
39 43
45 47
1
2
1 6
9 15
2
3
0 16
18 28
30 53
2
42 44
46 47
1
2
4 15
17 36
1
5
21 22
24 25
27 28
30 30
33 35
2
2
8 13
15 23
2
18 19
21 23
1
10
4 4
6 6
8 8
10 11
13 13
15 16
18 18
20 20
22 22
25 26
1
3
8 8
10 10
12 22
3
2
0 24
27 35
3
1 3
5 6
8 8
2
33 33
35 35
2
2
1 1
3 3
2
10 12
15 27
1
2
0 7
9 39
2
2
12 26
28 43
2
36 40
42 43
1
2
1 4
6 9
1
2
17 17
19 19
1
3
3 9
11 18
20 29
2
2
0 13
16 33
2
30 30
32 32
1
2
4 6
8 16
1
2
2 4
6 20
1
2
0 15
18 25
2
2
5 8
10 14
2
18 22
24 29
1
3
33 33
35 35
37 37
1
2
33 37
39 53
1
2
4 9
11 32
2
2
8 11
13 13
2
14 23
26 32
2
2
18 20
22 24
2
35 37
39 44
2
2
17 27
30 34
2
18 18
20 20
3
2
2 4
6 6
2
7 7
9 22
4
12 12
14 14
16 16
18 19
3
3
21 24
26 33
36 79
3
37 40
42 52
55 79
2
70 70
72 79
1
2
10 14
16 34
1
2
0 8
11 29
1
2
1 3
5 6
4
2
13 27
30 51
2
16 16
18 18
3
22 22
24 24
27 27
2
33 35
37 40
2
2
1 7
9 25
2
2 3
5 5
1
2
0 7
9 25
1
2
8 11
14 18
1
2
0 5
8 22
1
2
0 7
9 24
1
2
33 33
35 36
4
2
0 15
17 85
2
0 0
2 2
2
24 24
26 67
3
30 36
38 49
51 66
1
2
5 5
7 7
1
3
8 8
10 12
14 26
1
2
2 2
4 5
1
2
27 27
29 29
2
3
43 52
55 58
60 64
2
45 46
48 49
1
2
1 4
6 10
1
2
1 4
6 17
1
2
21 21
23 23
1
2
6 7
9 15
1
2
29 31
33 40
2
2
10 15
17 47
2
34 34
36 36
1
2
1 1
3 8
1
2
6 12
14 15
1
2
7 7
9 11
2
2
0 0
2 2
2
14 15
18 22
2
3
9 20
23 33
36 48
2
27 27
29 33
2
2
9 15
18 69
2
27 31
33 34
2
2
4 5
7 32
2
21 24
26 32
1
2
28 29
31 37
1
2
8 9
11 12
1
2
15 18
20 24
2
2
3 9
11 25
2
18 18
20 25
1
2
17 20
22 31
1
3
0 0
2 9
12 36
1
2
0 1
3 3
1
2
8 10
12 23
1
2
7 9
11 29
1
2
1 3
5 9
1
2
1 4
6 8
1
2
16 17
19 32
1
3
1 3
5 10
12 13
1
2
11 15
17 21
2
2
0 7
10 16
2
1 1
3 7
1
3
22 25
27 30
32 41
2
3
22 26
28 32
34 42
3
37 37
39 39
41 42
2
2
2 18
21 41
2
35 37
39 41
2
2
15 17
19 34
2
19 19
21 34
3
2
26 30
32 35
2
26 27
29 30
2
37 39
41 52
1
2
1 6
8 33
1
2
57 59
61 68
2
3
3 37
39 44
46 56
3
28 30
32 33
35 36
1
2
11 18
20 24
1
2
0 7
10 41
2
2
16 38
40 51
2
17 23
25 38
1
2
0 11
14 26
2
2
7 8
10 10
2
19 21
23 23
1
2
6 6
8 20
3
2
4 20
22 23
2
7 14
16 20
2
32 32
34 36
1
2
0 14
17 37
1
2
0 10
13 22
1
2
0 22
25 44
2
4
57 57
59 65
67 80
82 87
3
76 76
78 78
80 80
1
2
0 12
15 38
1
2
2 14
16 21
2
2
1 2
4 12
2
7 7
9 9
1
3
5 5
7 7
9 10
1
2
11 11
13 14
2
2
11 15
17 44
2
27 39
41 44
1
3
4 5
7 9
11 25
2
2
1 19
22 32
2
14 16
18 19
1
3
21 21
23 23
25 26
1
2
12 14
16 21
4
2
15 15
17 17
2
34 37
39 69
2
59 59
61 69
2
62 62
64 64
1
2
8 8
10 10
1
2
6 6
8 8
1
2
1 4
6 16
1
2
2 3
6 18
2
2
0 14
17 89
2
57 69
71 73
1
2
4 5
8 11
2
2
5 5
8 13
2
26 27
29 30
1
2
3 8
10 14
1
2
0 17
19 40
1
2
9 9
11 11
1
2
10 16
19 23
2
2
1 8
10 31
2
18 21
23 31
2
2
9 12
14 17
2
30 30
32 32
1
2
0 4
6 26
1
2
12 13
15 16
1
2
0 5
8 33
1
2
0 5
7 15
2
2
0 20
23 26
2
15 15
17 17
1
2
8 11
13 16
1
2
7 9
11 14
1
2
16 16
18 18
1
2
5 5
7 8
1
3
12 12
14 14
16 16
1
4
0 0
2 2
4 5
7 14
1
2
0 8
10 19
2
2
0 24
26 78
2
52 69
72 76
1
2
14 16
18 40
1
7
0 5
8 12
14 26
28 33
35 44
46 52
54 65
1
2
40 41
43 43
1
2
1 1
3 10
4
2
1 11
14 55
2
15 26
29 55
2
15 15
17 17
2
46 47
49 49
1
2
0 15
17 23
1
2
0 12
14 20
2
2
13 24
26 37
2
16 16
18 18
1
2
10 13
15 17
1
2
2 2
4 5
3
2
0 2
4 5
2
9 10
12 21
2
15 15
17 21
1
2
0 9
11 26
1
2
0 12
14 27
1
2
5 6
8 9
1
3
10 14
17 20
22 29
2
3
0 1
3 5
7 22
2
17 18
20 20
1
2
20 20
22 22
4
2
0 1
3 3
2
5 8
10 10
3
27 27
29 29
33 40
3
33 36
38 38
40 40
1
2
8 8
10 13
1
2
0 28
30 73
1
3
7 8
10 13
15 20
1
2
1 1
3 24
1
2
5 6
8 9
2
2
38 38
40 43
2
58 58
60 61
1
3
19 23
25 28
30 35
1
2
6 7
9 9
2
2
7 7
9 9
2
31 31
33 36
1
2
3 3
5 5
1
2
0 25
27 45
2
2
0 9
12 23
2
17 19
21 22
1
2
44 47
49 59
3
4
0 2
4 14
16 19
22 34
2
7 10
12 14
2
31 31
33 33
1
2
0 0
2 2
1
2
10 13
15 24
1
3
2 2
4 7
9 14
3
2
7 10
13 46
3
13 23
25 34
37 46
2
28 28
30 30
1
2
24 24
26 30
1
2
23 27
29 33
1
3
0 3
5 11
14 20
1
2
6 7
9 10
1
2
0 0
2 2
1
2
24 24
26 26
1
2
28 32
34 35
2
2
12 31
34 48
2
16 17
19 20
1
2
18 21
23 25
1
2
3 7
9 33
1
2
11 13
15 20
3
2
4 4
6 6
2
7 20
22 34
2
14 14
16 16
1
2
27 28
30 30
3
2
0 0
2 3
2
4 7
9 16
2
9 12
14 16
2
2
13 17
19 32
2
19 24
26 32
1
2
0 7
9 14
1
2
1 5
7 12
1
5
4 9
11 12
14 16
18 19
22 41
2
2
0 11
14 34
2
1 2
4 5
1
3
1 5
7 10
12 16
1
2
0 17
19 30
1
2
1 2
4 5
2
2
0 5
7 38
2
14 27
29 37
2
2
0 17
19 51
2
40 43
45 46
1
2
0 8
11 27
2
3
0 7
9 16
19 37
2
22 24
26 27
1
3
2 6
9 10
12 17
2
2
1 5
8 14
2
2 2
4 5
1
2
3 4
6 7
2
2
9 12
14 28
2
10 10
12 12
4
3
0 1
3 3
5 5
2
8 9
11 11
2
12 16
18 22
2
13 13
15 15
5
2
0 19
22 38
3
8 9
11 13
16 18
2
11 11
13 13
2
23 23
25 25
3
30 30
32 32
35 36
2
2
6 7
9 9
2
18 22
24 26
2
2
11 12
14 15
2
24 25
27 29
2
2
11 14
17 47
2
36 41
43 47
1
2
2 2
4 4
2
4
2 3
5 5
7 7
9 9
2
11 12
14 15
1
2
18 20
22 25
3
3
1 2
4 17
19 37
2
6 7
9 9
2
14 14
16 16
1
2
0 8
11 19
1
2
8 8
10 10
2
2
6 16
18 24
2
18 18
20 21
1
2
14 16
18 20
1
3
8 8
10 10
12 12
3
3
0 8
10 22
25 33
2
18 19
21 22
2
27 28
30 33
1
2
1 1
3 4
1
2
11 11
13 20
2
2
7 8
10 11
2
16 16
18 19
1
3
3 3
5 6
8 11
1
2
1 2
4 9
1
2
14 17
19 24
2
2
5 7
9 15
2
17 18
20 20
3
3
18 18
20 20
22 22
1
25 25
2
35 38
40 44
1
2
3 6
8 9
2
2
2 6
8 8
2
10 10
12 13
2
2
0 17
20 34
3
26 26
28 28
30 31
1
2
15 17
19 22
2
2
4 5
7 14
2
30 30
32 32
2
2
16 20
22 51
2
40 40
42 43
2
4
5 5
7 7
9 9
11 14
2
16 19
21 23
1
2
13 15
17 19
1
2
9 10
13 19
1
2
0 7
9 15
1
2
1 3
5 8
3
2
1 10
13 18
2
1 2
4 4
2
27 27
29 30
3
2
0 10
13 28
2
4 5
7 7
2
24 24
26 27
1
2
0 17
19 24
1
1
12 15
2
2
0 5
8 31
2
22 23
25 25
2
2
0 1
3 5
2
22 28
30 39
2
2
10 10
13 19
2
22 27
29 32
4
2
11 15
17 20
2
24 24
26 26
2
28 29
31 38
2
42 42
44 44
1
2
3 9
11 17
5
2
3 15
18 36
3
4 6
8 11
13 15
2
19 19
21 21
2
25 29
31 36
2
34 34
36 36
1
2
1 9
11 28
3
2
6 6
8 8
2
11 16
18 23
2
19 20
22 23
2
2
4 33
35 52
2
21 21
23 27
1
2
2 14
17 23
1
2
0 25
28 40
1
2
28 29
31 32
1
2
0 3
5 9
1
3
25 25
27 27
29 30
1
4
23 24
26 26
28 28
30 30
1
2
2 2
4 4
1
2
0 14
17 26
2
4
17 19
21 22
24 25
27 29
2
30 30
32 66
1
2
9 19
21 31
10
2
9 12
14 15
2
9 9
11 11
3
17 17
20 20
22 22
2
27 27
30 30
2
32 35
37 37
2
32 32
34 34
3
39 39
41 41
43 43
2
46 46
48 48
3
52 55
57 57
59 60
2
52 52
54 54
1
2
1 12
14 46
2
2
4 5
7 7
3
15 16
18 18
20 20
1
2
12 20
22 36
1
2
7 8
10 10
1
2
0 7
9 21
1
2
20 20
22 22
1
2
7 7
9 15
1
2
14 19
22 29
1
2
0 30
33 43
1
2
4 14
16 25
1
2
3 3
5 9
1
2
2 7
9 20
2
6
0 3
5 6
8 9
11 13
15 16
18 21
2
0 0
2 2
1
2
0 3
6 21
1
2
41 46
48 50
1
2
7 17
20 40
1
2
6 6
8 27
1
4
0 1
3 6
8 8
10 23
1
2
2 2
4 4
1
2
11 20
22 29
1
2
0 8
10 27
1
2
11 12
14 18
1
2
6 60
62 71
1
2
28 33
35 40
1
2
14 15
18 20
1
2
1 11
13 34
1
2
2 2
4 4
1
2
8 15
18 23
2
2
4 4
6 7
2
10 12
14 19
2
2
4 4
6 6
2
27 27
29 29
1
2
5 17
20 31
2
2
8 10
12 14
2
46 46
49 49
2
2
6 15
18 28
2
9 12
14 15
1
3
0 5
7 9
12 14
1
2
0 13
16 25
1
2
6 6
8 8
1
3
0 3
5 11
13 17
1
2
1 5
8 26
1
2
20 20
22 28
4
2
16 23
25 29
2
19 20
22 22
2
42 43
45 53
2
46 48
50 53
1
2
6 7
9 22
3
2
6 7
9 11
2
40 40
42 42
2
53 53
55 55
3
3
27 35
37 62
65 82
3
40 40
42 42
44 44
2
45 45
47 62
1
2
4 10
13 40
1
2
25 33
36 40
1
2
10 11
13 14
1
2
26 27
30 33
1
2
20 21
23 25
1
2
6 11
13 14
2
2
10 11
13 13
2
15 16
18 18
2
2
2 2
4 5
2
24 28
30 32
1
2
18 18
20 21
3
4
0 5
7 9
11 14
17 35
2
3 3
5 5
3
30 30
32 32
34 34
1
2
9 13
16 19
1
2
15 20
22 30
2
2
7 8
10 11
2
12 12
14 31
1
2
5 13
15 21
1
4
4 4
6 20
22 25
27 36
1
5
17 19
21 22
24 26
28 31
34 45
1
2
0 8
11 38
1
3
5 6
8 8
10 11
1
2
11 18
20 34
3
2
2 25
28 50
2
10 12
14 15
2
34 45
47 50
1
2
2 5
7 7
1
3
3 3
5 5
7 8
2
2
20 23
25 35
2
33 33
35 35
5
2
0 18
21 70
3
1 1
4 4
7 18
2
24 26
28 35
2
37 43
46 69
2
52 61
64 69
2
2
23 25
27 28
2
43 43
45 46
1
2
0 20
23 47
1
2
0 10
13 43
1
2
5 14
17 43
1
3
2 2
4 4
6 26
2
3
28 29
31 32
34 34
2
35 36
38 38
2
2
22 23
25 25
2
41 43
45 47
1
2
26 27
29 33
2
2
7 21
24 37
2
10 10
12 21
1
2
12 14
16 33
2
2
35 35
37 37
3
45 45
47 47
49 49
1
2
0 11
13 21
1
2
1 3
5 5
1
2
0 0
2 2
1
2
0 24
26 38
1
2
0 5
7 14
1
2
6 11
13 23
1
2
16 16
18 18
1
2
22 24
26 27
2
3
25 33
36 39
41 53
2
45 48
50 53
3
2
0 15
18 52
4
5 5
7 7
9 9
12 15
3
29 32
34 38
40 51
1
2
0 12
14 26
1
2
1 2
4 8
1
2
16 17
19 19
3
2
9 9
11 11
2
18 28
30 46
2
30 34
36 41
2
2
16 31
33 46
2
52 53
55 55
1
2
1 7
9 24
1
2
14 16
18 20
1
3
31 32
34 36
38 42
4
2
14 15
17 35
2
28 29
31 31
2
46 49
51 52
2
66 68
70 71
1
2
10 10
12 12
1
2
0 3
5 8
1
2
2 4
6 10
1
2
11 14
16 27
2
2
0 4
6 15
2
10 11
13 14
1
2
4 6
8 16
1
2
7 10
12 16
1
2
17 19
21 21
1
2
18 19
21 22
2
2
4 4
6 12
2
30 32
34 34
1
3
0 16
18 28
31 42
2
3
11 12
14 14
17 18
2
25 25
27 28
1
2
1 3
5 8
2
4
20 24
26 27
29 29
32 32
2
21 21
23 23
3
2
6 7
9 10
2
18 19
21 23
2
24 25
27 29
2
2
6 19
22 31
2
6 7
9 12
2
2
1 1
3 4
2
10 10
12 12
4
2
0 34
37 49
2
18 26
28 33
2
29 29
31 33
2
40 40
42 43
4
2
33 72
74 104
9
42 42
44 44
46 46
48 48
50 51
53 54
56 57
59 60
63 71
2
64 64
66 70
10
81 81
83 83
85 85
87 87
89 90
92 92
94 94
96 96
98 99
102 104
2
2
9 9
11 23
2
14 16
18 23
3
2
2 22
25 33
3
8 9
11 11
13 14
2
42 42
44 44
2
2
0 27
30 42
2
32 32
34 34
2
2
17 17
19 19
2
26 27
29 29
1
3
6 7
9 11
14 16
1
2
3 3
5 5
1
3
0 2
4 4
6 6
1
2
23 24
26 26
1
2
16 18
20 22
1
2
0 5
7 27
1
2
11 11
13 13
1
2
24 33
36 41
1
2
7 16
19 26
2
2
18 24
27 36
1
31 31
1
2
0 11
14 24
1
2
2 4
7 20
1
2
11 15
17 18
3
2
3 4
6 6
3
9 9
11 12
14 19
2
14 16
18 19
4
3
0 0
2 21
24 59
2
4 13
15 21
2
29 30
32 33
2
41 46
48 58
1
2
7 10
12 22
1
2
4 5
7 9
1
2
27 35
37 43
1
2
5 6
8 8
1
2
2 4
6 10
3
2
4 13
15 40
2
21 24
26 29
2
38 38
40 40
1
2
9 10
12 13
3
2
11 11
13 21
2
29 30
32 32
5
39 40
42 43
45 45
47 47
49 49
2
2
9 23
25 29
2
13 13
15 17
1
2
3 5
7 23
2
2
0 1
3 3
5
11 11
13 13
15 15
17 17
19 19
1
2
24 24
26 27
1
2
28 31
33 34
1
2
3 4
6 8
1
3
12 14
16 25
28 35
2
2
3 4
6 7
2
16 20
22 26
1
2
56 56
58 59
2
2
0 0
2 9
2
3 4
6 9
1
2
2 6
9 32
6
2
13 23
26 103
2
17 18
20 20
2
32 32
34 34
2
38 56
59 103
4
39 39
41 41
43 43
45 46
2
79 89
91 103
3
2
11 12
14 45
2
31 32
34 45
2
36 36
38 38
1
2
17 19
21 30
1
2
12 12
14 14
1
2
0 18
21 27
1
2
26 27
29 32
1
2
4 13
15 30
1
2
2 2
4 4
1
2
17 17
19 19
3
3
17 25
27 27
29 50
2
22 22
24 24
2
39 39
41 50
1
2
39 39
41 41
1
2
1 6
8 17
3
3
12 19
21 22
25 33
2
12 14
16 16
2
30 30
32 33
1
2
7 7
9 9
1
2
16 16
18 18
3
2
4 4
6 6
2
32 32
34 34
2
40 47
49 58
1
2
7 14
16 33
2
2
15 15
18 21
2
36 36
38 38
1
2
0 12
15 21
3
2
0 0
2 3
2
4 4
6 6
2
15 16
18 26
1
2
0 16
18 34
1
2
14 15
17 18
1
2
15 28
30 44
1
2
14 14
17 19
2
2
6 6
8 8
2
39 40
42 42
1
2
0 11
13 24
4
2
13 15
17 18
2
27 66
68 82
2
62 63
65 65
2
76 76
79 79
1
2
5 9
11 21
1
2
22 23
25 27
1
2
25 36
38 43
1
2
11 11
13 24
3
2
0 10
12 30
2
3 5
7 10
2
17 18
20 29
1
2
2 4
6 7
1
2
7 7
9 9
2
2
13 13
15 15
2
22 22
24 25
1
2
14 16
18 23
2
3
38 45
47 58
60 87
2
72 76
78 87
2
2
13 13
15 15
2
26 26
28 29
2
2
29 30
32 42
2
39 40
42 42
1
2
5 8
10 11
1
3
0 4
7 13
15 27
2
2
3 22
24 39
2
7 9
12 15
1
2
16 18
20 26
