5 5 1 16
7 8 1 16
9 10 2 24
12 13 2 24
3 14 3 48
16 46 3 48
6 6 3 48
8 8 3 48
30 32 3 48
34 46 3 48
7 7 4 40
9 9 4 40
11 12 4 40
20 20 4 40
22 24 4 40
25 25 4 40
27 38 4 40
30 32 4 40
34 38 4 40
1 23 5 64
25 31 5 64
34 63 5 64
2 3 5 64
5 23 5 64
18 18 5 64
20 23 5 64
39 40 5 64
43 49 5 64
0 2 6 32
4 4 6 32
9 18 6 32
20 30 6 32
3 3 7 12
6 6 7 12
9 10 7 12
0 20 8 41
23 40 8 41
26 27 9 33
29 29 9 33
24 25 10 32
27 27 10 32
7 8 11 28
10 10 11 28
2 3 12 23
5 6 12 23
24 25 13 30
27 28 13 30
0 5 14 38
8 37 14 38
9 10 14 38
12 12 14 38
13 19 15 52
22 33 15 52
28 29 15 52
31 33 15 52
12 13 16 23
15 17 16 23
10 10 17 15
12 13 17 15
30 31 18 36
33 34 18 36
2 6 19 14
8 12 19 14
9 9 20 43
11 11 20 43
6 8 21 49
10 11 21 49
11 21 22 36
23 28 22 36
30 47 22 36
