29
2
3
1 2
4 5
7 9
2
11 15
17 26
1
3
8 12
14 18
20 23
2
4
2 2
4 4
6 6
9 10
2
11 14
16 19
1
3
14 15
17 17
19 23
1
3
3 6
8 12
15 22
1
2
8 12
15 25
1
2
0 12
15 23
1
2
0 11
14 21
1
3
12 13
15 15
17 19
1
2
10 13
15 18
1
2
9 10
12 13
1
2
1 9
12 24
2
2
2 8
11 20
2
12 13
15 17
2
2
11 11
13 13
3
16 16
18 18
21 21
1
2
4 20
23 41
1
3
5 5
7 7
10 10
1
2
3 7
10 18
2
2
12 12
14 14
2
26 26
28 28
1
2
2 8
10 21
3
2
0 3
5 7
2
20 20
22 22
2
15 23
25 42
1
2
10 16
19 28
1
3
13 27
29 41
44 51
1
5
11 12
14 14
16 16
18 19
21 27
1
2
11 15
17 26
3
2
0 0
2 9
2
5 6
8 9
2
33 33
35 35
1
2
3 10
12 17
1
2
12 14
16 21
1
7
7 9
11 11
13 14
16 17
19 20
22 24
26 27
1
3
8 9
11 13
16 17