16
24
48
40
64
32
12
41
33
32
28
23
30
38
52
23
15
36
15
28
14
49
32
34
35
17
25
19
24
31
33
33
9
57
24
32
45
34
43
69
19
24
31
29
41
20
24
30
53
18
37
20
28
16
32
23
31
31
33
28
56
41
40
11
21
18
48
35
35
50
23
59
21
40
14
32
19
23
25
41
94
57
20
32
130
18
34
18
39
35
22
51
37
68
39
54
33
35
20
26
26
66
17
54
54
37
25
46
24
37
29
40
45
11
31
31
34
18
36
26
38
39
55
34
50
50
36
24
81
36
30
8
53
27
26
21
23
25
43
86
9
28
7
58
67
12
19
25
17
42
49
10
50
13
32
50
71
34
39
30
37
27
33
37
22
25
31
11
20
34
15
23
17
43
44
43
36
58
59
70
58
26
42
53
27
25
22
38
38
23
45
89
39
23
14
27
31
46
27
34
28
23
71
16
24
46
20
90
13
48
16
41
47
25
33
34
27
26
34
16
27
31
16
20
19
36
22
20
79
42
66
45
12
80
24
21
39
19
7
40
27
28
52
31
23
24
106
15
74
22
26
44
63
37
34
50
21
46
24
61
35
17
26
16
48
32
35
37
25
6
48
37
50
27
35
28
36
56
18
35
15
37
43
35
18
31
7
39
52
28
46
30
16
47
30
24
39
28
33
49
25
17
27
39
20
34
26
22
14
35
21
28
21
19
11
26
23
61
35
19
35
24
37
53
25
21
30
16
9
32
29
25
26
32
41
34
56
19
38
30
25
54
25
41
35
10
46
32
6
28
94
33
62
48
31
38
34
22
24
33
37
44
27
25
22
25
22
52
42
29
24
20
36
39
35
73
42
29
36
23
25
21
34
33
51
30
24
26
18
18
28
30
55
24
57
84
42
42
29
35
27
16
30
34
23
36
21
55
33
23
38
47
39
28
36
52
9
25
37
71
55
48
44
45
28
42
49
50
39
36
51
22
12
10
39
15
25
24
29
55
53
27
10
38
48
63
26
22
44
78
20
9
12
29
16
18
18
36
24
57
43
30
10
34
46
33
14
50
106
25
49
43
31
29
21
18
39
45
28
21
43
28
38
25
22
42
21
60
24
11
45
19
12
42
37
55
31
25
28
29
36
40
37
28
61
33
34
105
47
32
16
28
45
32
54
36
52
54
19
45
11
20
60
35
69
22
28
35
32
46
21
44
25
85
23
33
45
26
31
27
16
31
25
89
31
44
13
28
41
28
